# Created by Octave 4.4.1, Sat Oct 12 12:10:55 2019 GMT <unknown@LAPTOP-J1GDFI2K>
# name: thetavector
# type: matrix
# rows: 34
# columns: 1
 0.6203304654142423
 0.34192519308762082
 -0.66896222619607915
 0.28947341307782726
 -0.34594120327552791
 -0.48594510938626401
 -0.69859175745468205
 -0.10985263319350613
 0.14249834844207199
 0.61557972019625473
 -0.27771170563813841
 0.60112181506100404
 -0.42770783865666073
 0.17916862714788595
 -0.24912838074188065
 -0.30907578740680558
 -0.083494261129750225
 0.57858036019109171
 0.21829421317933762
 -0.60459747087156979
 -0.55256727649932869
 -0.0020673537098815364
 -0.11225756118681551
 -0.35242987677165549
 0.28450384287499031
 -0.62055620220782204
 0.19306064344027529
 0.17275201277212426
 0.06095603804050842
 0.5465168738775168
 0.72895871256467926
 0.48963068824371381
 0.47530484285168773
 -1.0880274173019173


